pedestrian 0.00 0 -10.00 1527.81 472.78 1573.68 536.12 1.7 0.79 0.78 20.76 1.23 35.82 1.64 0.0000
car 0.00 0 -10.00 1206.77 467.30 1347.27 544.87 1.7 1.79 4.88 11.25 1.11 31.31 1.60 0.0000
motorcycle 0.00 0 -10.00 427.03 414.75 484.45 510.12 1.6 0.70 2.07 -6.44 0.28 22.71 -1.71 0.0000
car 0.00 0 -10.00 1396.97 472.24 1600.00 571.45 1.6 1.96 4.75 13.27 1.29 24.43 1.59 0.0000
car 0.00 0 -10.00 827.10 447.46 861.84 482.62 2.1 2.10 5.26 1.83 -0.66 80.86 -1.54 0.0000
car 0.00 0 -10.00 879.07 459.02 937.16 505.78 1.6 1.98 4.58 3.47 0.42 48.64 -1.54 0.0000
car 0.00 0 -10.00 1017.00 454.63 1066.62 487.88 1.7 1.96 4.75 12.58 -0.30 70.93 1.59 0.0000
car 0.00 0 -10.00 1014.11 457.56 1135.74 520.82 1.8 1.85 4.61 8.08 0.78 39.26 2.21 0.0000
pedestrian 0.00 0 -10.00 688.95 450.50 705.99 488.45 1.7 0.65 0.73 -5.32 -0.16 56.77 1.59 0.0000
car 0.00 0 -10.00 877.82 449.82 913.73 481.03 1.8 2.08 4.58 4.86 -0.72 77.20 -1.50 0.0000
