car 0.00 0 -10.00 495.13 406.88 801.81 635.90 2.1 1.82 4.73 -2.07 1.26 14.17 1.07 0.0000
car 0.00 0 -10.00 219.55 441.82 404.17 530.37 1.8 1.86 5.00 -11.06 0.70 27.58 0.78 0.0000
car 0.00 0 -10.00 361.69 453.01 490.36 520.51 1.6 1.89 4.67 -10.05 0.61 32.38 0.99 0.0000
car 0.00 0 -10.00 202.69 416.98 350.83 508.48 2.5 2.10 5.37 -15.69 0.38 36.67 0.80 0.0000
car 0.00 0 -10.00 0.00 427.44 205.73 725.46 1.9 1.82 4.29 -6.46 1.39 10.06 -2.28 0.0000
pedestrian 0.00 0 -10.00 1535.97 457.78 1600.00 621.19 1.8 0.64 0.55 8.50 1.41 14.24 -0.95 0.0000
pedestrian 0.00 0 -10.00 966.85 435.94 1039.57 539.58 1.8 0.88 0.93 3.30 0.81 22.37 -2.35 0.0000
car 0.00 0 -10.00 408.46 461.65 637.67 559.02 1.5 1.72 4.61 -5.26 1.01 22.34 0.78 0.0000
car 0.00 0 -10.00 121.52 435.91 250.28 507.11 1.8 1.69 4.35 -16.66 0.32 33.38 0.78 0.0000
car 0.00 0 -10.00 1292.85 428.19 1600.00 535.62 1.5 1.81 4.52 10.21 0.56 20.21 0.77 0.0000
car 0.00 0 -10.00 617.72 457.90 968.51 592.29 1.6 1.92 4.89 -0.46 1.11 17.17 0.80 0.0000
car 0.00 0 -10.00 713.95 347.98 1148.34 590.55 3.1 2.42 6.52 1.49 1.16 19.18 0.80 0.0000
car 0.00 0 -10.00 10.62 438.25 116.66 493.91 1.7 1.79 4.38 -23.72 0.01 39.86 0.78 0.0000
