car 0.00 0 -10.00 67.49 500.71 337.98 637.15 2.1 1.82 4.73 -10.58 2.32 21.75 0.55 0.0000
pedestrian 0.00 0 -10.00 1582.27 553.94 1600.00 626.23 1.8 0.64 0.59 19.46 3.31 31.42 -2.98 0.0000
pedestrian 0.00 0 -10.00 978.33 567.99 1021.32 651.54 1.7 0.64 0.55 3.78 3.26 26.09 -0.81 0.0000
pedestrian 0.00 0 -10.00 1012.09 511.14 1052.39 580.30 1.9 0.72 0.80 6.01 2.45 35.24 2.71 0.0000
car 0.00 0 -10.00 514.24 469.52 961.88 853.84 1.9 1.82 4.29 -0.82 1.86 8.45 -1.91 0.0000
pedestrian 0.00 0 -10.00 1501.05 557.35 1535.13 628.81 1.7 0.64 0.55 16.69 3.23 30.11 2.20 0.0000
pedestrian 0.00 0 -10.00 659.66 552.97 705.18 654.32 1.8 0.64 0.55 -2.42 2.91 22.90 -1.42 0.0000
pedestrian 0.00 0 -10.00 1126.93 514.35 1173.13 579.34 1.8 0.67 1.08 9.42 2.46 35.76 3.09 0.0000
car 0.00 0 -10.00 0.00 516.09 119.40 595.98 1.5 1.72 4.61 -17.53 2.13 27.08 0.25 0.0000
car 0.00 0 -10.00 607.92 544.04 794.91 609.21 1.5 1.81 4.52 -3.00 2.98 33.39 0.25 0.0000
pedestrian 0.00 0 -10.00 1253.97 571.08 1300.84 662.65 1.7 0.64 0.55 9.02 3.31 24.78 -0.49 0.0000
car 0.00 0 -10.00 1555.81 544.93 1600.00 900.00 1.5 1.65 3.96 5.16 1.83 6.72 -1.17 0.0000
pedestrian 0.00 0 -10.00 1023.78 565.71 1079.35 662.89 1.7 0.73 0.67 4.35 3.13 23.43 -0.47 0.0000
pedestrian 0.00 0 -10.00 1592.68 555.57 1600.00 626.42 1.8 0.64 0.59 20.11 3.38 32.05 -2.98 0.0000
car 0.00 0 -10.00 144.15 533.19 419.38 621.93 1.6 1.92 4.89 -10.69 2.47 25.40 0.27 0.0000
car 0.00 0 -10.00 200.73 469.51 528.04 621.17 3.1 2.42 6.52 -10.00 2.69 28.17 0.27 0.0000
pedestrian 0.00 0 -10.00 556.40 527.79 674.31 685.06 1.7 0.95 0.84 -2.28 2.13 14.42 -0.92 0.0000
pedestrian 0.00 0 -10.00 1461.37 554.04 1493.66 618.01 1.6 0.64 0.55 16.74 3.18 32.07 -2.98 0.0000
bicycle 0.00 0 -10.00 995.13 581.53 1077.04 632.37 1.1 0.65 1.81 5.09 3.20 29.28 -2.90 0.0000
