car 0.00 0 -10.00 33.96 505.29 314.02 646.74 2.1 1.82 4.73 -10.67 2.38 20.94 0.54 0.0000
pedestrian 0.00 0 -10.00 1584.40 553.01 1600.00 626.79 1.8 0.64 0.59 19.11 3.25 30.74 -2.98 0.0000
pedestrian 0.00 0 -10.00 987.56 561.23 1030.77 645.86 1.7 0.64 0.55 3.91 3.09 25.68 -0.82 0.0000
pedestrian 0.00 0 -10.00 987.82 511.30 1022.70 582.00 1.9 0.72 0.80 5.14 2.44 34.44 3.13 0.0000
car 0.00 0 -10.00 459.58 486.44 911.85 875.33 1.9 1.82 4.29 -1.15 1.94 8.39 -1.95 0.0000
pedestrian 0.00 0 -10.00 1483.51 555.89 1521.72 629.30 1.7 0.64 0.55 15.85 3.15 29.25 2.35 0.0000
pedestrian 0.00 0 -10.00 657.27 556.73 702.88 659.32 1.8 0.64 0.55 -2.42 2.96 22.59 -1.43 0.0000
pedestrian 0.00 0 -10.00 1112.77 514.43 1160.47 580.59 1.8 0.67 1.08 8.86 2.44 35.03 2.97 0.0000
car 0.00 0 -10.00 0.00 522.45 90.35 604.26 1.5 1.72 4.61 -17.66 2.23 26.20 0.25 0.0000
car 0.00 0 -10.00 597.56 545.87 788.91 611.79 1.5 1.81 4.52 -3.14 2.98 32.61 0.24 0.0000
pedestrian 0.00 0 -10.00 1296.33 571.81 1344.13 665.34 1.7 0.64 0.55 9.65 3.29 24.25 -0.48 0.0000
car 0.00 0 -10.00 1592.95 559.51 1600.00 900.00 1.5 1.65 3.96 6.01 1.94 7.83 -1.13 0.0000
pedestrian 0.00 0 -10.00 1045.69 566.39 1102.23 665.62 1.7 0.73 0.67 4.66 3.11 22.94 -0.48 0.0000
pedestrian 0.00 0 -10.00 1591.26 554.27 1600.00 626.29 1.8 0.64 0.59 19.74 3.32 31.48 -2.98 0.0000
car 0.00 0 -10.00 115.85 538.86 400.77 629.69 1.6 1.92 4.89 -10.80 2.54 24.59 0.27 0.0000
car 0.00 0 -10.00 176.54 472.38 513.77 627.47 3.1 2.42 6.52 -10.13 2.75 27.36 0.27 0.0000
pedestrian 0.00 0 -10.00 571.07 534.79 689.66 694.56 1.7 0.95 0.84 -2.08 2.20 14.20 -0.90 0.0000
pedestrian 0.00 0 -10.00 1442.69 552.49 1475.21 617.64 1.6 0.64 0.55 15.95 3.11 31.44 -2.98 0.0000
bicycle 0.00 0 -10.00 994.63 583.94 1078.35 635.82 1.1 0.65 1.81 4.97 3.20 28.53 -2.91 0.0000
