car 0.00 0 -10.00 86.88 500.57 351.77 633.94 2.1 1.82 4.73 -10.53 2.32 22.24 0.55 0.0000
pedestrian 0.00 0 -10.00 1585.48 554.83 1600.00 626.26 1.8 0.64 0.59 19.78 3.35 31.81 -2.97 0.0000
pedestrian 0.00 0 -10.00 950.77 566.46 993.98 649.90 1.7 0.64 0.55 3.22 3.23 26.11 -0.76 0.0000
pedestrian 0.00 0 -10.00 1038.83 512.80 1071.78 580.61 1.9 0.72 0.80 6.78 2.51 35.89 1.98 0.0000
car 0.00 0 -10.00 551.56 474.16 1000.50 867.72 1.9 1.82 4.29 -0.57 1.89 8.30 -1.87 0.0000
pedestrian 0.00 0 -10.00 1518.62 559.17 1549.93 628.92 1.7 0.64 0.55 17.49 3.32 30.86 2.05 0.0000
pedestrian 0.00 0 -10.00 658.35 552.28 704.14 653.71 1.8 0.64 0.55 -2.44 2.89 22.89 -1.42 0.0000
pedestrian 0.00 0 -10.00 1142.27 515.44 1186.74 579.77 1.8 0.67 1.08 9.93 2.49 36.14 -3.08 0.0000
car 0.00 0 -10.00 0.00 515.33 137.22 593.81 1.5 1.72 4.61 -17.44 2.13 27.63 0.26 0.0000
car 0.00 0 -10.00 614.52 545.40 798.93 609.94 1.5 1.81 4.52 -2.90 3.04 33.86 0.25 0.0000
pedestrian 0.00 0 -10.00 1216.65 571.42 1262.89 662.13 1.7 0.64 0.55 8.36 3.33 25.02 -0.50 0.0000
car 0.00 0 -10.00 1532.70 540.93 1600.00 900.00 1.5 1.65 3.96 4.43 1.75 5.24 -1.30 0.0000
pedestrian 0.00 0 -10.00 0.00 472.07 21.30 686.35 1.7 0.64 0.55 -7.15 1.57 10.54 1.94 0.0000
pedestrian 0.00 0 -10.00 994.03 566.66 1049.18 663.49 1.7 0.73 0.67 3.81 3.15 23.52 -0.47 0.0000
pedestrian 0.00 0 -10.00 1594.88 552.83 1600.00 622.77 1.8 0.64 0.59 20.43 3.34 32.47 -2.97 0.0000
car 0.00 0 -10.00 161.01 532.27 430.61 619.52 1.6 1.92 4.89 -10.61 2.47 25.89 0.27 0.0000
car 0.00 0 -10.00 215.28 470.38 536.75 619.71 3.1 2.42 6.52 -9.92 2.71 28.66 0.27 0.0000
pedestrian 0.00 0 -10.00 535.52 523.72 654.98 681.99 1.7 0.95 0.84 -2.50 2.08 14.33 -0.95 0.0000
pedestrian 0.00 0 -10.00 1483.87 556.06 1516.30 619.41 1.6 0.64 0.55 17.49 3.24 32.40 -2.97 0.0000
bicycle 0.00 0 -10.00 996.13 581.47 1076.93 631.60 1.1 0.65 1.81 5.17 3.23 29.73 -2.90 0.0000
