car 0.00 0 -10.00 96.27 499.81 358.47 631.61 2.1 1.82 4.73 -10.49 2.31 22.47 0.55 0.0000
pedestrian 0.00 0 -10.00 1593.00 553.60 1600.00 624.68 1.8 0.64 0.59 20.07 3.33 31.96 -2.97 0.0000
pedestrian 0.00 0 -10.00 1049.58 512.55 1076.98 579.41 1.9 0.72 0.80 7.11 2.51 36.47 1.74 0.0000
car 0.00 0 -10.00 577.01 465.88 1025.00 872.41 1.9 1.82 4.29 -0.42 1.86 8.10 -1.83 0.0000
pedestrian 0.00 0 -10.00 1525.75 560.39 1563.20 628.98 1.7 0.64 0.55 18.02 3.37 31.33 2.47 0.0000
pedestrian 0.00 0 -10.00 654.08 550.69 700.57 653.29 1.8 0.64 0.55 -2.48 2.85 22.63 -1.42 0.0000
pedestrian 0.00 0 -10.00 1158.79 514.76 1201.40 578.88 1.8 0.67 1.08 10.40 2.48 36.24 -2.96 0.0000
car 0.00 0 -10.00 0.00 514.42 147.02 592.07 1.5 1.72 4.61 -17.37 2.11 27.91 0.26 0.0000
car 0.00 0 -10.00 618.40 545.89 801.62 610.06 1.5 1.81 4.52 -2.83 3.07 34.07 0.25 0.0000
pedestrian 0.00 0 -10.00 1182.45 570.20 1228.45 660.89 1.7 0.64 0.55 7.69 3.31 25.02 -0.51 0.0000
pedestrian 0.00 0 -10.00 0.00 480.23 116.18 677.53 1.7 0.64 0.55 -6.85 1.63 11.43 1.72 0.0000
pedestrian 0.00 0 -10.00 974.83 566.58 1029.86 663.53 1.7 0.73 0.67 3.45 3.15 23.49 -0.47 0.0000
car 0.00 0 -10.00 169.65 531.81 436.59 618.28 1.6 1.92 4.89 -10.55 2.47 26.12 0.28 0.0000
car 0.00 0 -10.00 222.87 470.96 541.53 619.12 3.1 2.42 6.52 -9.86 2.72 28.89 0.28 0.0000
pedestrian 0.00 0 -10.00 518.03 523.32 638.97 683.23 1.7 0.95 0.84 -2.66 2.08 14.19 -0.94 0.0000
pedestrian 0.00 0 -10.00 1506.40 557.54 1539.04 620.51 1.6 0.64 0.55 18.18 3.29 32.60 -2.97 0.0000
bicycle 0.00 0 -10.00 997.54 580.32 1077.85 630.08 1.1 0.65 1.81 5.24 3.22 29.93 -2.90 0.0000
