car 0.00 0 -10.00 0.00 492.63 278.29 642.47 2.1 1.82 4.73 -10.79 2.17 19.87 0.54 0.0000
pedestrian 0.00 0 -10.00 1599.50 542.48 1600.00 618.48 1.8 0.64 0.59 18.92 2.96 29.84 -2.99 0.0000
pedestrian 0.00 0 -10.00 1008.35 553.47 1053.10 640.35 1.7 0.64 0.55 4.24 2.91 25.02 -0.73 0.0000
pedestrian 0.00 0 -10.00 969.34 501.11 1003.91 573.35 1.9 0.72 0.80 4.53 2.16 33.68 -2.90 0.0000
car 0.00 0 -10.00 352.07 473.81 854.09 880.53 1.9 1.82 4.29 -1.64 1.86 8.11 -2.07 0.0000
pedestrian 0.00 0 -10.00 1469.24 546.50 1510.94 622.82 1.7 0.64 0.55 14.96 2.89 28.12 2.50 0.0000
pedestrian 0.00 0 -10.00 649.45 547.51 696.22 652.65 1.8 0.64 0.55 -2.49 2.77 22.04 -1.43 0.0000
pedestrian 0.00 0 -10.00 1101.52 504.19 1150.15 572.44 1.8 0.67 1.08 8.30 2.15 33.98 3.04 0.0000
car 0.00 0 -10.00 0.00 514.40 53.58 600.00 1.5 1.72 4.61 -17.81 2.04 25.17 0.24 0.0000
car 0.00 0 -10.00 581.80 534.46 779.62 602.67 1.5 1.81 4.52 -3.35 2.66 31.58 0.24 0.0000
pedestrian 0.00 0 -10.00 1341.67 563.25 1391.84 659.77 1.7 0.64 0.55 10.22 3.08 23.51 -0.47 0.0000
pedestrian 0.00 0 -10.00 1078.51 559.76 1137.16 661.61 1.7 0.73 0.67 5.15 2.96 22.37 -0.49 0.0000
pedestrian 0.00 0 -10.00 1592.20 545.63 1600.00 619.44 1.8 0.64 0.59 19.29 3.07 30.72 -2.99 0.0000
car 0.00 0 -10.00 74.10 528.45 373.38 623.85 1.6 1.92 4.89 -10.96 2.31 23.51 0.26 0.0000
car 0.00 0 -10.00 140.94 458.61 493.07 620.53 3.1 2.42 6.52 -10.31 2.48 26.28 0.26 0.0000
pedestrian 0.00 0 -10.00 579.56 527.52 701.85 693.20 1.7 0.95 0.84 -1.90 2.10 13.72 -0.87 0.0000
pedestrian 0.00 0 -10.00 1424.34 542.80 1457.55 609.74 1.6 0.64 0.55 15.09 2.83 30.60 -2.99 0.0000
bicycle 0.00 0 -10.00 992.32 575.76 1078.97 629.60 1.1 0.65 1.81 4.78 2.95 27.55 -2.91 0.0000
