car 0.00 0 -10.00 1111.15 471.36 1178.44 510.48 1.6 2.12 4.42 14.16 0.73 54.82 1.67 0.0000
car 0.00 0 -10.00 1432.75 455.55 1600.00 580.25 1.7 2.23 4.90 11.84 1.14 19.71 1.61 0.0000
car 0.00 0 -10.00 1019.34 470.99 1054.56 494.42 1.7 2.08 5.22 16.36 0.15 94.07 1.65 0.0000
car 0.00 0 -10.00 1113.18 471.60 1163.26 503.68 1.7 2.00 4.86 18.23 0.61 71.92 1.67 0.0000
car 0.00 0 -10.00 943.74 468.57 992.20 504.12 1.6 2.13 4.58 7.09 0.51 59.61 -1.48 0.0000
car 0.00 0 -10.00 769.60 472.38 911.78 583.18 1.6 2.15 4.58 0.42 1.35 21.74 -1.55 0.0000
car 0.00 0 -10.00 1277.01 472.35 1384.22 519.57 1.6 2.18 4.74 18.99 0.93 47.02 1.61 0.0000
car 0.00 0 -10.00 1210.01 472.35 1328.44 531.49 1.6 2.04 4.86 13.49 1.06 38.05 1.63 0.0000
car 0.00 0 -10.00 1149.12 471.27 1217.18 506.29 1.7 2.20 4.71 18.79 0.67 65.08 1.60 0.0000
car 0.00 0 -10.00 1300.38 474.51 1380.39 514.56 1.8 2.01 4.63 25.04 1.00 60.68 1.61 0.0000
