car 0.00 0 -10.00 99.91 493.96 360.88 624.98 2.1 1.82 4.73 -10.48 2.21 22.56 0.55 0.0000
pedestrian 0.00 0 -10.00 1058.22 507.66 1085.40 573.45 1.9 0.72 0.80 7.47 2.38 37.05 1.74 0.0000
car 0.00 0 -10.00 596.86 448.64 1051.50 879.28 1.9 1.82 4.29 -0.28 1.78 7.75 -1.79 0.0000
pedestrian 0.00 0 -10.00 1540.90 556.98 1580.09 624.69 1.7 0.64 0.55 18.64 3.31 31.72 2.89 0.0000
pedestrian 0.00 0 -10.00 647.40 544.19 694.85 648.59 1.8 0.64 0.55 -2.54 2.72 22.24 -1.42 0.0000
pedestrian 0.00 0 -10.00 1174.94 509.09 1215.89 573.25 1.8 0.67 1.08 10.83 2.31 36.16 -2.85 0.0000
car 0.00 0 -10.00 0.00 508.26 149.83 585.62 1.5 1.72 4.61 -17.34 1.98 27.98 0.26 0.0000
car 0.00 0 -10.00 620.27 541.65 803.00 605.67 1.5 1.81 4.52 -2.80 2.95 34.16 0.25 0.0000
pedestrian 0.00 0 -10.00 1148.44 564.15 1194.51 655.23 1.7 0.64 0.55 6.98 3.18 24.90 -0.53 0.0000
pedestrian 0.00 0 -10.00 63.61 481.47 173.94 666.70 1.7 0.64 0.55 -6.68 1.64 12.15 1.72 0.0000
car 0.00 0 -10.00 173.46 526.56 439.25 612.67 1.6 1.92 4.89 -10.52 2.36 26.21 0.28 0.0000
car 0.00 0 -10.00 226.25 466.46 543.68 614.13 3.1 2.42 6.52 -9.83 2.61 28.98 0.28 0.0000
pedestrian 0.00 0 -10.00 475.47 516.97 599.35 680.07 1.7 0.95 0.84 -3.06 2.00 13.91 -0.94 0.0000
pedestrian 0.00 0 -10.00 1529.74 554.17 1562.87 616.94 1.6 0.64 0.55 18.85 3.21 32.70 -2.97 0.0000
bicycle 0.00 0 -10.00 998.41 576.04 1078.55 625.65 1.1 0.65 1.81 5.27 3.12 30.01 -2.90 0.0000
