car 0.00 0 -10.00 218.71 424.46 527.18 639.26 2.1 1.82 4.73 -5.34 1.40 14.83 0.87 0.0000
car 0.00 0 -10.00 0.00 447.20 107.94 540.27 1.8 1.86 5.00 -16.88 0.88 26.08 0.58 0.0000
car 0.00 0 -10.00 60.88 463.03 208.38 533.35 1.6 1.89 4.67 -16.77 0.90 31.06 0.78 0.0000
pedestrian 0.00 0 -10.00 1212.72 464.07 1272.70 599.15 1.7 0.64 0.55 5.44 1.33 16.16 -1.08 0.0000
car 0.00 0 -10.00 0.00 422.15 42.45 520.38 2.5 2.10 5.37 -23.26 0.68 34.05 0.59 0.0000
pedestrian 0.00 0 -10.00 1309.27 391.59 1360.41 489.69 1.9 0.72 0.80 10.17 -0.05 24.84 -2.57 0.0000
car 0.00 0 -10.00 0.00 444.06 91.10 817.31 1.9 1.82 4.29 -6.65 1.57 8.31 -2.46 0.0000
pedestrian 0.00 0 -10.00 1155.20 468.21 1213.05 608.61 1.8 0.64 0.55 4.79 1.48 16.50 -1.13 0.0000
pedestrian 0.00 0 -10.00 718.43 449.44 787.76 548.12 1.8 0.88 0.93 -1.17 1.01 23.44 -2.55 0.0000
car 0.00 0 -10.00 117.94 467.16 366.38 563.52 1.5 1.72 4.61 -10.10 1.11 22.17 0.58 0.0000
car 0.00 0 -10.00 979.53 449.34 1252.78 540.46 1.5 1.81 4.52 5.44 0.78 23.18 0.57 0.0000
car 0.00 0 -10.00 342.46 467.52 684.43 592.55 1.6 1.92 4.89 -4.39 1.23 18.03 0.59 0.0000
car 0.00 0 -10.00 440.63 369.14 848.61 589.93 3.1 2.42 6.52 -2.89 1.32 20.41 0.59 0.0000
pedestrian 0.00 0 -10.00 1302.53 445.33 1531.76 744.83 1.7 0.95 0.84 3.67 1.42 7.79 -0.49 0.0000
pedestrian 0.00 0 -10.00 1276.20 479.62 1332.19 609.06 1.6 0.64 0.55 6.14 1.44 15.93 -1.19 0.0000
