car 0.00 0 -10.00 1236.91 473.30 1359.31 534.94 1.6 2.12 4.42 13.71 1.10 36.34 1.66 0.0000
car 0.00 0 -10.00 1091.40 475.85 1148.12 505.27 1.6 2.05 4.88 18.21 0.72 76.21 1.54 0.0000
car 0.00 0 -10.00 1345.88 479.18 1441.55 526.53 1.8 1.91 4.61 23.67 1.31 52.11 1.61 0.0000
car 0.00 0 -10.00 1051.50 473.91 1098.50 503.78 1.7 2.08 5.22 15.49 0.63 76.07 1.65 0.0000
car 0.00 0 -10.00 1143.60 471.38 1220.64 518.69 1.7 2.00 4.86 14.47 0.96 50.35 1.66 0.0000
car 0.00 0 -10.00 932.29 469.47 975.31 501.72 1.6 2.13 4.58 7.22 0.45 66.88 -1.48 0.0000
car 0.00 0 -10.00 761.37 469.66 900.83 578.56 1.6 2.15 4.58 0.27 1.30 22.36 -1.55 0.0000
car 0.00 0 -10.00 1549.74 472.55 1600.00 611.85 1.6 2.04 4.86 12.69 1.39 17.85 1.63 0.0000
car 0.00 0 -10.00 1337.69 474.67 1475.01 533.98 1.7 2.20 4.71 18.70 1.20 40.42 1.59 0.0000
car 0.00 0 -10.00 1505.76 481.31 1600.00 549.94 1.8 2.01 4.63 22.61 1.54 37.41 1.60 0.0000
