car 0.00 0 -10.00 0.00 455.72 185.92 631.57 2.1 1.82 4.73 -10.86 1.69 17.20 0.54 0.0000
pedestrian 0.00 0 -10.00 680.97 516.16 729.85 625.26 1.7 0.64 0.55 -1.74 2.08 19.98 -1.43 0.0000
pedestrian 0.00 0 -10.00 1091.05 513.69 1139.83 608.24 1.7 0.64 0.55 5.41 2.08 22.90 -0.63 0.0000
pedestrian 0.00 0 -10.00 916.71 458.17 953.89 535.15 1.9 0.72 0.80 2.96 1.07 31.44 -2.90 0.0000
car 0.00 0 -10.00 0.00 450.08 618.87 900.00 1.9 1.82 4.29 -3.12 1.70 7.21 -2.33 0.0000
pedestrian 0.00 0 -10.00 1467.06 505.01 1515.04 589.38 1.7 0.64 0.55 13.49 1.93 25.33 2.65 0.0000
pedestrian 0.00 0 -10.00 642.01 512.01 691.08 625.70 1.8 0.64 0.55 -2.40 2.12 20.31 -1.43 0.0000
pedestrian 0.00 0 -10.00 1096.43 459.46 1146.70 533.27 1.8 0.67 1.08 7.51 1.01 31.17 -3.09 0.0000
car 0.00 0 -10.00 555.97 495.50 771.65 567.70 1.5 1.81 4.52 -3.45 1.65 28.89 0.23 0.0000
pedestrian 0.00 0 -10.00 1476.05 518.30 1533.77 624.84 1.7 0.64 0.55 11.53 2.19 21.21 -0.46 0.0000
pedestrian 0.00 0 -10.00 1173.52 523.24 1238.74 634.78 1.7 0.73 0.67 6.28 2.26 20.40 -0.50 0.0000
car 0.00 0 -10.00 0.00 500.23 310.48 605.67 1.6 1.92 4.89 -11.04 1.73 20.79 0.26 0.0000
car 0.00 0 -10.00 58.21 419.22 449.46 599.42 3.1 2.42 6.52 -10.40 1.82 23.55 0.26 0.0000
pedestrian 0.00 0 -10.00 607.72 495.47 742.48 683.52 1.7 0.95 0.84 -1.35 1.74 12.10 -0.82 0.0000
pedestrian 0.00 0 -10.00 739.51 527.77 784.35 630.51 1.6 0.64 0.55 -0.85 2.17 20.03 -1.52 0.0000
pedestrian 0.00 0 -10.00 1415.94 495.46 1452.05 567.79 1.6 0.64 0.55 13.74 1.68 28.18 -2.99 0.0000
bicycle 0.00 0 -10.00 1007.37 534.92 1102.64 593.36 1.1 0.65 1.81 4.70 1.96 24.89 -2.92 0.0000
