car 0.00 0 -10.00 0.00 420.86 310.19 631.01 2.1 1.82 4.73 -8.03 1.35 14.95 0.71 0.0000
pedestrian 0.00 0 -10.00 931.97 481.73 986.22 606.43 1.7 0.64 0.55 1.98 1.55 17.52 -1.26 0.0000
pedestrian 0.00 0 -10.00 1554.16 461.95 1600.00 585.14 1.7 0.64 0.55 10.73 1.26 17.56 -0.41 0.0000
pedestrian 0.00 0 -10.00 1086.04 410.23 1130.74 499.42 1.9 0.72 0.80 6.28 0.16 27.24 -2.73 0.0000
car 0.00 0 -10.00 0.00 415.75 56.55 870.28 1.9 1.82 4.29 -6.29 1.50 7.09 -2.55 0.0000
pedestrian 0.00 0 -10.00 885.52 474.41 939.68 604.23 1.8 0.64 0.55 1.36 1.55 17.81 -1.26 0.0000
pedestrian 0.00 0 -10.00 535.55 454.08 604.14 550.95 1.8 0.88 0.93 -4.63 1.08 23.84 -2.71 0.0000
pedestrian 0.00 0 -10.00 1399.95 406.88 1462.14 498.42 1.8 0.67 1.08 12.25 0.12 25.25 -2.69 0.0000
car 0.00 0 -10.00 0.00 463.91 134.17 562.41 1.5 1.72 4.61 -13.93 1.06 21.43 0.41 0.0000
car 0.00 0 -10.00 757.48 456.82 1004.70 539.85 1.5 1.81 4.52 1.27 0.85 24.99 0.41 0.0000
car 0.00 0 -10.00 115.25 467.02 469.47 587.83 1.6 1.92 4.89 -7.60 1.21 18.32 0.43 0.0000
car 0.00 0 -10.00 219.04 376.52 630.30 586.92 3.1 2.42 6.52 -6.50 1.34 20.91 0.43 0.0000
pedestrian 0.00 0 -10.00 954.44 459.73 1134.42 711.61 1.7 0.95 0.84 1.64 1.47 9.16 -0.65 0.0000
pedestrian 0.00 0 -10.00 1010.03 489.19 1060.03 607.17 1.6 0.64 0.55 3.02 1.56 17.46 -1.35 0.0000
bicycle 0.00 0 -10.00 1307.49 498.33 1437.31 572.79 1.1 0.65 1.81 8.61 1.21 19.67 -2.74 0.0000
