car 0.00 0 -10.00 0.00 431.99 148.11 623.25 2.1 1.82 4.73 -10.69 1.43 15.99 0.55 0.0000
pedestrian 0.00 0 -10.00 702.44 502.06 752.71 615.55 1.7 0.64 0.55 -1.34 1.85 19.24 -1.42 0.0000
pedestrian 0.00 0 -10.00 1152.12 492.01 1204.86 592.41 1.7 0.64 0.55 6.17 1.68 21.57 -0.59 0.0000
pedestrian 0.00 0 -10.00 904.66 435.65 943.88 515.86 1.9 0.72 0.80 2.58 0.57 30.18 -2.89 0.0000
car 0.00 0 -10.00 0.00 421.64 398.67 900.00 1.9 1.82 4.29 -4.27 1.56 6.85 -2.44 0.0000
pedestrian 0.00 0 -10.00 1494.62 482.73 1547.23 573.19 1.7 0.64 0.55 13.14 1.50 23.62 2.66 0.0000
pedestrian 0.00 0 -10.00 653.61 491.88 704.55 610.75 1.8 0.64 0.55 -2.10 1.79 19.42 -1.42 0.0000
pedestrian 0.00 0 -10.00 408.04 473.43 474.94 566.02 1.8 0.88 0.93 -7.38 1.43 24.97 -2.87 0.0000
pedestrian 0.00 0 -10.00 1122.67 435.45 1174.59 513.04 1.8 0.67 1.08 7.77 0.49 29.64 -3.01 0.0000
car 0.00 0 -10.00 557.05 473.45 783.07 549.17 1.5 1.81 4.52 -3.15 1.16 27.53 0.24 0.0000
pedestrian 0.00 0 -10.00 1586.30 496.35 1600.00 610.76 1.7 0.64 0.55 12.51 1.82 19.76 -0.45 0.0000
pedestrian 0.00 0 -10.00 1245.63 505.20 1316.64 623.77 1.7 0.73 0.67 7.05 1.95 19.21 -0.49 0.0000
car 0.00 0 -10.00 0.00 481.21 290.59 594.00 1.6 1.92 4.89 -10.83 1.42 19.52 0.27 0.0000
car 0.00 0 -10.00 29.46 394.23 441.03 586.21 3.1 2.42 6.52 -10.16 1.47 22.25 0.27 0.0000
pedestrian 0.00 0 -10.00 638.17 476.63 784.23 682.11 1.7 0.95 0.84 -0.92 1.57 11.12 -0.81 0.0000
pedestrian 0.00 0 -10.00 760.92 505.88 806.95 612.20 1.6 0.64 0.55 -0.49 1.81 19.34 -1.51 0.0000
pedestrian 0.00 0 -10.00 1431.73 473.41 1470.44 549.44 1.6 0.64 0.55 13.43 1.21 26.80 -2.98 0.0000
bicycle 0.00 0 -10.00 1032.79 513.97 1134.48 575.98 1.1 0.65 1.81 4.95 1.52 23.46 -2.91 0.0000
