car 0.00 0 -10.00 1160.02 470.90 1247.65 518.50 1.6 2.12 4.42 13.79 0.87 45.34 1.66 0.0000
car 0.00 0 -10.00 1265.31 474.85 1336.52 512.35 1.8 1.91 4.61 24.14 0.95 63.26 1.61 0.0000
car 0.00 0 -10.00 1034.23 473.81 1074.63 499.88 1.7 2.08 5.22 15.89 0.49 84.71 1.65 0.0000
car 0.00 0 -10.00 1118.67 469.62 1179.97 508.32 1.7 2.00 4.86 15.68 0.71 59.87 1.66 0.0000
car 0.00 0 -10.00 939.04 469.79 983.89 502.79 1.6 2.13 4.58 7.30 0.50 64.00 -1.48 0.0000
car 0.00 0 -10.00 764.37 474.83 903.67 583.18 1.6 2.15 4.58 0.32 1.38 22.13 -1.55 0.0000
car 0.00 0 -10.00 1448.48 474.08 1600.00 542.16 1.6 2.18 4.74 18.81 1.18 33.23 1.61 0.0000
car 0.00 0 -10.00 1327.87 471.02 1519.96 554.38 1.6 2.04 4.86 13.02 1.19 27.54 1.63 0.0000
car 0.00 0 -10.00 1220.60 470.57 1312.18 513.85 1.7 2.20 4.71 18.69 0.84 52.83 1.59 0.0000
car 0.00 0 -10.00 1382.28 475.75 1491.81 526.06 1.8 2.01 4.63 23.71 1.21 48.57 1.60 0.0000
