car 0.00 0 -10.00 1027.10 476.77 1068.81 503.62 1.6 2.12 4.42 14.38 0.69 78.81 1.66 0.0000
car 0.00 0 -10.00 1452.15 477.17 1600.00 602.23 1.6 2.14 4.85 11.95 1.42 19.25 1.58 0.0000
car 0.00 0 -10.00 1093.90 474.44 1184.91 522.84 1.7 2.23 4.90 11.87 1.05 46.87 1.60 0.0000
car 0.00 0 -10.00 1294.81 474.76 1448.20 548.58 2.0 2.06 5.80 16.43 1.52 37.89 1.58 0.0000
car 0.00 0 -10.00 979.35 478.56 1005.87 497.24 1.7 2.08 5.22 16.40 0.47 118.00 1.64 0.0000
car 0.00 0 -10.00 1042.88 479.40 1073.13 500.77 1.7 2.00 4.86 20.45 0.72 107.29 1.66 0.0000
car 0.00 0 -10.00 951.51 476.83 1007.69 516.89 1.6 2.13 4.58 6.82 0.97 53.30 -1.48 0.0000
car 0.00 0 -10.00 747.31 483.45 898.70 602.97 1.6 2.15 4.58 0.12 1.55 20.52 -1.56 0.0000
car 0.00 0 -10.00 1059.17 477.93 1116.52 512.38 1.6 2.04 4.86 13.58 0.96 63.59 1.62 0.0000
car 0.00 0 -10.00 1218.13 474.65 1361.29 540.32 1.6 2.00 4.96 12.53 1.16 33.89 1.58 0.0000
car 0.00 0 -10.00 1231.13 472.12 1305.39 514.08 1.9 2.00 4.73 21.78 1.00 61.22 1.60 0.0000
