car 0.00 0 -10.00 0.00 473.89 233.89 635.95 2.1 1.82 4.73 -10.84 1.91 18.51 0.54 0.0000
pedestrian 0.00 0 -10.00 684.91 529.27 732.87 634.58 1.7 0.64 0.55 -1.75 2.30 20.71 -1.44 0.0000
pedestrian 0.00 0 -10.00 1040.70 535.83 1087.27 626.27 1.7 0.64 0.55 4.69 2.52 24.00 -0.65 0.0000
pedestrian 0.00 0 -10.00 935.84 480.44 971.75 554.81 1.9 0.72 0.80 3.55 1.61 32.64 -2.90 0.0000
car 0.00 0 -10.00 208.50 460.88 753.15 900.00 1.9 1.82 4.29 -2.29 1.77 7.63 -2.16 0.0000
pedestrian 0.00 0 -10.00 1458.84 530.47 1503.88 610.21 1.7 0.64 0.55 14.11 2.49 26.87 2.65 0.0000
pedestrian 0.00 0 -10.00 644.34 530.43 692.29 639.60 1.8 0.64 0.55 -2.47 2.44 21.19 -1.44 0.0000
pedestrian 0.00 0 -10.00 1097.29 482.96 1146.85 553.87 1.8 0.67 1.08 7.86 1.59 32.59 3.12 0.0000
car 0.00 0 -10.00 0.00 504.12 9.91 593.61 1.5 1.72 4.61 -17.86 1.81 23.88 0.24 0.0000
car 0.00 0 -10.00 567.91 515.57 774.26 585.80 1.5 1.81 4.52 -3.44 2.15 30.25 0.23 0.0000
pedestrian 0.00 0 -10.00 1396.18 542.95 1449.39 643.59 1.7 0.64 0.55 10.78 2.66 22.51 -0.46 0.0000
pedestrian 0.00 0 -10.00 1123.18 542.70 1184.66 648.68 1.7 0.73 0.67 5.73 2.62 21.49 -0.50 0.0000
car 0.00 0 -10.00 24.37 513.71 342.38 613.96 1.6 1.92 4.89 -11.03 1.99 22.15 0.26 0.0000
car 0.00 0 -10.00 100.11 440.25 471.06 609.90 3.1 2.42 6.52 -10.39 2.14 24.92 0.26 0.0000
pedestrian 0.00 0 -10.00 590.83 512.15 718.93 688.04 1.7 0.95 0.84 -1.65 1.92 12.93 -0.85 0.0000
pedestrian 0.00 0 -10.00 735.42 539.25 780.04 638.44 1.6 0.64 0.55 -0.95 2.37 20.76 -1.51 0.0000
pedestrian 0.00 0 -10.00 1417.46 520.48 1452.08 590.03 1.6 0.64 0.55 14.35 2.26 29.38 -2.99 0.0000
bicycle 0.00 0 -10.00 997.66 556.33 1088.34 612.38 1.1 0.65 1.81 4.70 2.45 26.24 -2.92 0.0000
