car 0.00 0 -10.00 1172.65 382.83 1600.00 740.89 2.1 1.82 4.73 4.42 1.43 9.92 1.55 0.0000
car 0.00 0 -10.00 854.96 449.06 1039.41 545.43 1.8 1.86 5.00 2.53 0.94 25.97 1.25 0.0000
car 0.00 0 -10.00 985.31 463.37 1122.90 537.74 1.6 1.89 4.67 5.48 0.95 29.83 1.46 0.0000
car 0.00 0 -10.00 840.35 423.85 979.02 517.46 2.5 2.10 5.37 2.55 0.63 36.17 1.27 0.0000
car 0.00 0 -10.00 464.44 455.11 673.12 652.51 1.9 1.82 4.29 -2.94 1.48 14.28 -1.87 0.0000
car 0.00 0 -10.00 1045.96 466.36 1332.80 587.15 1.5 1.72 4.61 5.28 1.18 18.65 1.25 0.0000
car 0.00 0 -10.00 771.87 453.64 885.54 525.12 1.8 1.69 4.35 0.25 0.79 33.72 1.25 0.0000
pedestrian 0.00 0 -10.00 271.58 444.91 293.61 494.68 1.8 0.64 0.55 -19.21 0.10 45.59 1.28 0.0000
car 0.00 0 -10.00 1331.67 451.53 1600.00 665.45 1.6 1.92 4.89 7.32 1.23 11.90 1.27 0.0000
car 0.00 0 -10.00 1454.46 273.59 1600.00 689.02 3.1 2.42 6.52 9.98 1.40 12.82 1.27 0.0000
car 0.00 0 -10.00 696.34 450.86 784.53 505.12 1.7 1.79 4.38 -2.54 0.38 41.34 1.25 0.0000
