car 0.00 0 -10.00 0.00 418.26 180.56 621.67 2.1 1.82 4.73 -9.82 1.31 15.22 0.60 0.0000
pedestrian 0.00 0 -10.00 774.26 482.30 825.66 600.54 1.7 0.64 0.55 -0.23 1.55 18.43 -1.37 0.0000
pedestrian 0.00 0 -10.00 1293.94 466.29 1352.91 574.70 1.7 0.64 0.55 7.98 1.27 19.93 -0.52 0.0000
pedestrian 0.00 0 -10.00 965.01 415.38 1005.99 499.49 1.9 0.72 0.80 3.86 0.17 28.82 -2.84 0.0000
car 0.00 0 -10.00 0.00 408.16 214.69 892.97 1.9 1.82 4.29 -5.32 1.49 6.75 -2.57 0.0000
pedestrian 0.00 0 -10.00 736.64 473.69 788.20 597.32 1.8 0.64 0.55 -0.79 1.52 18.65 -1.37 0.0000
pedestrian 0.00 0 -10.00 429.74 455.37 498.35 550.53 1.8 0.88 0.93 -6.73 1.09 24.23 -2.82 0.0000
pedestrian 0.00 0 -10.00 1211.97 411.17 1266.58 494.01 1.8 0.67 1.08 9.27 0.04 27.78 -2.88 0.0000
car 0.00 0 -10.00 616.94 456.28 852.05 534.42 1.5 1.81 4.52 -1.68 0.80 26.29 0.30 0.0000
pedestrian 0.00 0 -10.00 1396.30 483.32 1476.47 611.54 1.7 0.73 0.67 8.69 1.63 17.76 -0.42 0.0000
car 0.00 0 -10.00 0.00 465.10 335.80 581.61 1.6 1.92 4.89 -9.77 1.17 18.69 0.32 0.0000
car 0.00 0 -10.00 74.45 376.44 493.46 578.58 3.1 2.42 6.52 -8.96 1.27 21.38 0.32 0.0000
pedestrian 0.00 0 -10.00 749.31 462.62 907.12 687.07 1.7 0.95 0.84 0.09 1.47 10.21 -0.76 0.0000
pedestrian 0.00 0 -10.00 841.50 487.56 888.59 598.61 1.6 0.64 0.55 0.72 1.53 18.48 -1.46 0.0000
pedestrian 0.00 0 -10.00 1522.07 446.38 1565.21 528.08 1.6 0.64 0.55 14.30 0.70 24.91 -2.93 0.0000
bicycle 0.00 0 -10.00 1121.31 494.99 1232.56 561.29 1.1 0.65 1.81 6.20 1.16 21.80 -2.85 0.0000
