car 0.00 0 -10.00 812.62 401.61 1169.67 667.00 2.1 1.82 4.73 1.45 1.33 12.59 1.31 0.0000
car 0.00 0 -10.00 547.69 445.81 719.44 534.96 1.8 1.86 5.00 -4.11 0.80 27.75 1.02 0.0000
car 0.00 0 -10.00 676.62 460.41 800.48 529.09 1.6 1.89 4.67 -2.07 0.82 32.18 1.23 0.0000
car 0.00 0 -10.00 535.01 421.91 669.06 511.25 2.5 2.10 5.37 -6.47 0.48 37.67 1.04 0.0000
car 0.00 0 -10.00 168.37 440.68 426.27 677.12 1.9 1.82 4.29 -5.17 1.40 12.25 -2.07 0.0000
pedestrian 0.00 0 -10.00 1299.57 433.72 1386.83 550.11 1.8 0.88 0.93 8.31 0.88 19.98 -2.11 0.0000
car 0.00 0 -10.00 722.70 463.36 958.66 567.13 1.5 1.72 4.61 0.27 1.07 21.28 1.02 0.0000
car 0.00 0 -10.00 465.19 449.38 578.21 518.39 1.8 1.69 4.35 -8.14 0.64 34.74 1.02 0.0000
car 0.00 0 -10.00 944.07 455.09 1362.67 613.37 1.6 1.92 4.89 3.77 1.15 15.15 1.04 0.0000
car 0.00 0 -10.00 1046.21 326.77 1591.14 620.12 3.1 2.42 6.52 6.14 1.27 16.65 1.04 0.0000
car 0.00 0 -10.00 379.68 445.75 469.73 498.80 1.7 1.79 4.38 -13.07 0.17 42.10 1.02 0.0000
