car 0.00 0 -10.00 102.33 492.86 362.38 623.19 2.1 1.82 4.73 -10.48 2.19 22.64 0.55 0.0000
pedestrian 0.00 0 -10.00 1055.18 508.52 1081.85 573.27 1.9 0.72 0.80 7.49 2.41 37.64 1.74 0.0000
car 0.00 0 -10.00 614.92 435.25 1076.44 893.31 1.9 1.82 4.29 -0.17 1.74 7.41 -1.75 0.0000
pedestrian 0.00 0 -10.00 1559.09 555.80 1593.64 623.09 1.7 0.64 0.55 19.15 3.29 31.91 -2.97 0.0000
pedestrian 0.00 0 -10.00 639.56 542.20 688.04 648.48 1.8 0.64 0.55 -2.63 2.67 21.85 -1.42 0.0000
car 0.00 0 -10.00 0.00 506.80 151.56 583.89 1.5 1.72 4.61 -17.33 1.95 28.04 0.26 0.0000
car 0.00 0 -10.00 621.28 541.88 803.57 605.73 1.5 1.81 4.52 -2.78 2.96 34.24 0.25 0.0000
pedestrian 0.00 0 -10.00 1124.55 563.61 1170.87 655.56 1.7 0.64 0.55 6.45 3.16 24.66 -0.53 0.0000
pedestrian 0.00 0 -10.00 122.70 486.95 224.61 661.56 1.7 0.64 0.55 -6.52 1.69 12.87 1.72 0.0000
car 0.00 0 -10.00 176.14 525.97 441.01 611.73 1.6 1.92 4.89 -10.51 2.35 26.30 0.28 0.0000
car 0.00 0 -10.00 228.53 466.55 545.00 613.74 3.1 2.42 6.52 -9.81 2.61 29.06 0.28 0.0000
pedestrian 0.00 0 -10.00 433.42 515.35 560.83 682.45 1.7 0.95 0.84 -3.42 1.98 13.59 -0.94 0.0000
pedestrian 0.00 0 -10.00 1552.11 555.04 1585.57 617.62 1.6 0.64 0.55 19.49 3.24 32.80 -2.97 0.0000
bicycle 0.00 0 -10.00 998.51 576.16 1078.45 625.63 1.1 0.65 1.81 5.28 3.13 30.08 -2.90 0.0000
