car 0.00 0 -10.00 926.81 472.04 956.88 494.28 1.5 1.68 4.63 8.88 0.16 89.79 1.58 0.0000
car 0.00 0 -10.00 1584.11 424.44 1600.00 653.84 2.5 2.10 5.37 12.66 1.78 16.47 1.58 0.0000
pedestrian 0.00 0 -10.00 1201.35 469.89 1224.34 510.11 1.8 0.71 0.87 17.95 0.83 57.34 -1.62 0.0000
car 0.00 0 -10.00 791.72 462.55 918.35 591.13 1.9 1.82 4.29 0.58 1.47 20.70 -1.57 0.0000
car 0.00 0 -10.00 1469.48 479.59 1600.00 659.06 1.8 1.69 4.35 9.63 1.68 14.79 1.56 0.0000
car 0.00 0 -10.00 987.17 474.98 1029.66 501.13 1.5 1.88 4.49 11.95 0.57 78.99 1.56 0.0000
pedestrian 0.00 0 -10.00 585.15 456.88 618.89 536.17 1.8 0.64 0.55 -4.86 1.00 28.78 1.56 0.0000
motorcycle 0.00 0 -10.00 1373.55 475.49 1539.72 636.15 1.7 0.71 2.23 7.50 1.59 14.97 1.52 0.0000
pedestrian 0.00 0 -10.00 623.79 463.47 650.07 519.45 1.8 0.74 0.79 -5.99 0.92 42.30 1.56 0.0000
car 0.00 0 -10.00 1263.32 477.34 1477.31 585.45 1.7 1.79 4.38 9.43 1.48 21.98 1.58 0.0000
